id,time,dayPower,capacity,lat,lng
36,2017-01-01 22,109.0,50,37.1179,117.149
36,2017-01-02 22,102.0,50,37.1179,117.149
36,2017-01-03 22,108.0,50,37.1179,117.149
36,2017-01-04 22,23.0,50,37.1179,117.149
36,2017-01-05 22,14.0,50,37.1179,117.149
36,2017-01-06 22,32.0,50,37.1179,117.149
36,2017-01-07 22,31.0,50,37.1179,117.149
36,2017-01-08 22,57.0,50,37.1179,117.149
36,2017-01-09 22,137.0,50,37.1179,117.149
36,2017-01-10 22,160.0,50,37.1179,117.149
36,2017-01-11 22,133.0,50,37.1179,117.149
36,2017-01-12 22,81.0,50,37.1179,117.149
36,2017-01-13 22,161.0,50,37.1179,117.149
36,2017-01-14 22,181.0,50,37.1179,117.149
36,2017-01-15 22,125.0,50,37.1179,117.149
36,2017-01-16 22,87.0,50,37.1179,117.149
36,2017-01-17 22,48.0,50,37.1179,117.149
36,2017-01-18 22,50.0,50,37.1179,117.149
36,2017-01-19 22,91.0,50,37.1179,117.149
36,2017-01-20 22,137.0,50,37.1179,117.149
36,2017-01-21 22,21.0,50,37.1179,117.149
36,2017-01-22 22,55.0,50,37.1179,117.149
36,2017-01-23 22,208.0,50,37.1179,117.149
36,2017-01-24 22,209.0,50,37.1179,117.149
36,2017-01-25 22,109.0,50,37.1179,117.149
36,2017-01-26 22,160.0,50,37.1179,117.149
36,2017-01-27 22,76.0,50,37.1179,117.149
36,2017-01-28 22,97.0,50,37.1179,117.149
36,2017-01-29 22,69.0,50,37.1179,117.149
36,2017-01-30 22,140.0,50,37.1179,117.149
36,2017-01-31 22,126.0,50,37.1179,117.149
36,2017-02-01 22,203.0,50,37.1179,117.149
36,2017-02-02 22,256.0,50,37.1179,117.149
36,2017-02-03 22,133.0,50,37.1179,117.149
36,2017-02-04 22,236.0,50,37.1179,117.149
36,2017-02-05 22,244.0,50,37.1179,117.149
36,2017-02-06 22,237.0,50,37.1179,117.149
36,2017-02-07 22,227.0,50,37.1179,117.149
36,2017-02-08 22,48.0,50,37.1179,117.149
36,2017-02-09 22,235.0,50,37.1179,117.149
36,2017-02-10 22,231.0,50,37.1179,117.149
36,2017-02-11 22,202.0,50,37.1179,117.149
36,2017-02-12 22,198.0,50,37.1179,117.149
36,2017-02-13 22,162.0,50,37.1179,117.149
36,2017-02-14 22,125.0,50,37.1179,117.149
36,2017-02-15 22,188.0,50,37.1179,117.149
36,2017-02-16 22,136.0,50,37.1179,117.149
36,2017-02-17 22,182.0,50,37.1179,117.149
36,2017-02-18 22,198.0,50,37.1179,117.149
36,2017-02-19 22,91.0,50,37.1179,117.149
36,2017-02-20 22,42.0,50,37.1179,117.149
36,2017-02-21 22,237.0,50,37.1179,117.149
36,2017-02-22 22,221.0,50,37.1179,117.149
36,2017-02-23 22,229.0,50,37.1179,117.149
36,2017-02-24 22,50.0,50,37.1179,117.149
36,2017-02-25 22,230.0,50,37.1179,117.149
36,2017-02-26 22,192.0,50,37.1179,117.149
36,2017-02-27 22,102.0,50,37.1179,117.149
36,2017-02-28 22,189.0,50,37.1179,117.149
36,2017-03-01 22,95.0,50,37.1179,117.149
36,2017-03-02 22,262.0,50,37.1179,117.149
36,2017-03-03 22,236.0,50,37.1179,117.149
36,2017-03-04 22,202.0,50,37.1179,117.149
36,2017-03-05 22,280.0,50,37.1179,117.149
36,2017-03-06 22,208.0,50,37.1179,117.149
36,2017-03-07 22,175.0,50,37.1179,117.149
36,2017-03-08 22,288.0,50,37.1179,117.149
36,2017-03-09 22,259.0,50,37.1179,117.149
36,2017-03-10 22,205.0,50,37.1179,117.149
36,2017-03-11 22,147.0,50,37.1179,117.149
36,2017-03-12 22,251.0,50,37.1179,117.149
36,2017-03-13 22,248.0,50,37.1179,117.149
36,2017-03-14 22,250.0,50,37.1179,117.149
36,2017-03-15 22,46.0,50,37.1179,117.149
36,2017-03-16 22,306.0,50,37.1179,117.149
36,2017-03-17 22,65.0,50,37.1179,117.149
36,2017-03-18 22,50.0,50,37.1179,117.149
36,2017-03-19 22,244.0,50,37.1179,117.149
36,2017-03-20 22,168.0,50,37.1179,117.149
36,2017-03-21 22,266.0,50,37.1179,117.149
36,2017-03-22 22,193.0,50,37.1179,117.149
36,2017-03-23 22,252.0,50,37.1179,117.149
36,2017-03-24 22,268.0,50,37.1179,117.149
36,2017-03-25 22,281.0,50,37.1179,117.149
36,2017-03-26 22,276.0,50,37.1179,117.149
36,2017-03-27 22,256.0,50,37.1179,117.149
36,2017-03-28 22,217.0,50,37.1179,117.149
36,2017-03-29 22,156.0,50,37.1179,117.149
36,2017-03-30 22,194.0,50,37.1179,117.149
36,2017-03-31 22,262.0,50,37.1179,117.149
36,2017-04-01 22,210.0,50,37.1179,117.149
36,2017-04-02 22,258.0,50,37.1179,117.149
36,2017-04-03 22,80.0,50,37.1179,117.149
36,2017-04-04 22,64.0,50,37.1179,117.149
36,2017-04-05 22,100.0,50,37.1179,117.149
36,2017-04-06 22,268.0,50,37.1179,117.149
36,2017-04-07 22,325.0,50,37.1179,117.149
36,2017-04-08 22,294.0,50,37.1179,117.149
36,2017-04-09 22,290.0,50,37.1179,117.149
36,2017-04-10 22,100.0,50,37.1179,117.149
36,2017-04-11 22,273.0,50,37.1179,117.149
36,2017-04-12 22,190.0,50,37.1179,117.149
36,2017-04-13 22,174.0,50,37.1179,117.149
36,2017-04-14 22,210.0,50,37.1179,117.149
36,2017-04-15 22,227.0,50,37.1179,117.149
36,2017-04-16 22,279.0,50,37.1179,117.149
36,2017-04-17 22,282.0,50,37.1179,117.149
36,2017-04-18 22,272.0,50,37.1179,117.149
36,2017-04-19 22,269.0,50,37.1179,117.149
36,2017-04-20 22,276.0,50,37.1179,117.149
36,2017-04-21 22,217.0,50,37.1179,117.149
36,2017-04-22 22,291.0,50,37.1179,117.149
36,2017-04-23 22,94.0,50,37.1179,117.149
36,2017-04-24 22,281.0,50,37.1179,117.149
36,2017-04-25 22,262.0,50,37.1179,117.149
36,2017-04-26 22,268.0,50,37.1179,117.149
36,2017-04-27 22,293.0,50,37.1179,117.149
36,2017-04-28 22,272.0,50,37.1179,117.149
36,2017-04-29 22,243.0,50,37.1179,117.149
36,2017-04-30 22,234.0,50,37.1179,117.149
36,2017-05-01 22,211.0,50,37.1179,117.149
36,2017-05-02 22,267.0,50,37.1179,117.149
36,2017-05-03 22,190.0,50,37.1179,117.149
36,2017-05-04 22,196.0,50,37.1179,117.149
36,2017-05-05 22,72.0,50,37.1179,117.149
36,2017-05-06 22,162.0,50,37.1179,117.149
36,2017-05-07 22,249.0,50,37.1179,117.149
36,2017-05-08 22,157.0,50,37.1179,117.149
36,2017-05-09 22,284.0,50,37.1179,117.149
36,2017-05-10 22,274.0,50,37.1179,117.149
36,2017-05-11 22,229.0,50,37.1179,117.149
36,2017-05-12 22,224.0,50,37.1179,117.149
36,2017-05-13 22,269.0,50,37.1179,117.149
36,2017-05-14 22,259.0,50,37.1179,117.149
36,2017-05-15 22,76.0,50,37.1179,117.149
36,2017-05-16 22,104.0,50,37.1179,117.149
36,2017-05-17 22,287.0,50,37.1179,117.149
36,2017-05-18 22,251.0,50,37.1179,117.149
36,2017-05-19 22,224.0,50,37.1179,117.149
36,2017-05-20 22,257.0,50,37.1179,117.149
36,2017-05-21 22,242.0,50,37.1179,117.149
36,2017-05-22 22,193.0,50,37.1179,117.149
36,2017-05-23 22,228.0,50,37.1179,117.149
36,2017-05-24 22,299.0,50,37.1179,117.149
36,2017-05-25 22,302.0,50,37.1179,117.149
36,2017-05-26 22,230.0,50,37.1179,117.149
36,2017-05-27 22,264.0,50,37.1179,117.149
36,2017-05-28 22,254.0,50,37.1179,117.149
36,2017-05-29 22,234.0,50,37.1179,117.149
36,2017-05-30 22,283.0,50,37.1179,117.149
36,2017-05-31 22,264.0,50,37.1179,117.149
36,2017-06-01 22,276.0,50,37.1179,117.149
36,2017-06-02 22,217.0,50,37.1179,117.149
36,2017-06-03 22,247.0,50,37.1179,117.149
36,2017-06-04 22,238.0,50,37.1179,117.149
36,2017-06-05 22,279.0,50,37.1179,117.149
36,2017-06-06 22,69.0,50,37.1179,117.149
36,2017-06-07 22,281.0,50,37.1179,117.149
36,2017-06-08 22,260.0,50,37.1179,117.149
36,2017-06-09 22,256.0,50,37.1179,117.149
36,2017-06-10 22,185.0,50,37.1179,117.149
36,2017-06-11 22,204.0,50,37.1179,117.149
36,2017-06-12 22,160.0,50,37.1179,117.149
36,2017-06-13 22,73.0,50,37.1179,117.149
36,2017-06-14 22,269.0,50,37.1179,117.149
36,2017-06-15 22,280.0,50,37.1179,117.149
36,2017-06-16 22,216.0,50,37.1179,117.149
36,2017-06-17 22,121.0,50,37.1179,117.149
36,2017-06-18 22,234.0,50,37.1179,117.149
36,2017-06-19 22,247.0,50,37.1179,117.149
36,2017-06-20 22,238.0,50,37.1179,117.149
36,2017-06-21 22,190.0,50,37.1179,117.149
36,2017-06-22 22,204.0,50,37.1179,117.149
36,2017-06-23 22,251.0,50,37.1179,117.149
36,2017-06-24 22,250.0,50,37.1179,117.149
36,2017-06-25 22,54.0,50,37.1179,117.149
36,2017-06-26 22,205.0,50,37.1179,117.149
36,2017-06-27 22,267.0,50,37.1179,117.149
36,2017-06-28 22,283.0,50,37.1179,117.149
36,2017-06-29 22,228.0,50,37.1179,117.149
36,2017-06-30 22,272.0,50,37.1179,117.149
36,2017-07-01 22,240.0,50,37.1179,117.149
36,2017-07-02 22,185.0,50,37.1179,117.149
36,2017-07-03 22,236.0,50,37.1179,117.149
36,2017-07-04 22,172.0,50,37.1179,117.149
36,2017-07-05 22,89.0,50,37.1179,117.149
36,2017-07-06 22,93.0,50,37.1179,117.149
36,2017-07-07 22,210.0,50,37.1179,117.149
36,2017-07-08 22,279.0,50,37.1179,117.149
36,2017-07-09 22,161.0,50,37.1179,117.149
36,2017-07-10 22,282.0,50,37.1179,117.149
36,2017-07-11 22,272.0,50,37.1179,117.149
36,2017-07-12 22,269.0,50,37.1179,117.149
36,2017-07-13 22,249.0,50,37.1179,117.149
36,2017-07-14 22,224.0,50,37.1179,117.149
36,2017-07-15 22,223.0,50,37.1179,117.149
36,2017-07-16 22,247.0,50,37.1179,117.149
36,2017-07-17 22,160.0,50,37.1179,117.149
36,2017-07-18 22,149.0,50,37.1179,117.149
36,2017-07-19 22,243.0,50,37.1179,117.149
36,2017-07-20 22,263.0,50,37.1179,117.149
36,2017-07-21 22,246.0,50,37.1179,117.149
36,2017-07-22 22,236.0,50,37.1179,117.149
36,2017-07-23 22,194.0,50,37.1179,117.149
36,2017-07-24 22,94.0,50,37.1179,117.149
36,2017-07-25 22,209.0,50,37.1179,117.149
36,2017-07-26 22,128.0,50,37.1179,117.149
36,2017-07-27 22,41.0,50,37.1179,117.149
36,2017-07-28 22,76.0,50,37.1179,117.149
36,2017-07-29 22,218.0,50,37.1179,117.149
36,2017-07-30 22,227.0,50,37.1179,117.149
36,2017-07-31 22,148.0,50,37.1179,117.149
36,2017-08-01 22,131.0,50,37.1179,117.149
36,2017-08-02 22,58.0,50,37.1179,117.149
36,2017-08-03 22,244.0,50,37.1179,117.149
36,2017-08-04 22,266.0,50,37.1179,117.149
36,2017-08-05 22,232.0,50,37.1179,117.149
36,2017-08-06 22,238.0,50,37.1179,117.149
36,2017-08-07 22,212.0,50,37.1179,117.149
36,2017-08-08 22,260.0,50,37.1179,117.149
36,2017-08-09 22,175.0,50,37.1179,117.149
36,2017-08-10 22,265.0,50,37.1179,117.149
36,2017-08-11 22,253.0,50,37.1179,117.149
36,2017-08-12 22,248.0,50,37.1179,117.149
36,2017-08-13 22,152.0,50,37.1179,117.149
36,2017-08-14 22,126.0,50,37.1179,117.149
36,2017-08-15 22,214.0,50,37.1179,117.149
36,2017-08-16 22,216.0,50,37.1179,117.149
36,2017-08-17 22,250.0,50,37.1179,117.149
36,2017-08-18 22,59.0,50,37.1179,117.149
36,2017-08-19 22,116.0,50,37.1179,117.149
36,2017-08-20 22,214.0,50,37.1179,117.149
36,2017-08-21 22,246.0,50,37.1179,117.149
36,2017-08-22 22,163.0,50,37.1179,117.149
36,2017-08-23 22,96.0,50,37.1179,117.149
36,2017-08-24 22,237.0,50,37.1179,117.149
36,2017-08-25 22,139.0,50,37.1179,117.149
36,2017-08-26 22,220.0,50,37.1179,117.149
36,2017-08-27 22,266.0,50,37.1179,117.149
36,2017-08-28 22,44.0,50,37.1179,117.149
36,2017-08-29 22,73.0,50,37.1179,117.149
36,2017-08-30 22,268.0,50,37.1179,117.149
36,2017-08-31 22,245.0,50,37.1179,117.149
36,2017-09-01 22,217.0,50,37.1179,117.149
36,2017-09-02 22,203.0,50,37.1179,117.149
36,2017-09-03 22,241.0,50,37.1179,117.149
36,2017-09-04 22,280.0,50,37.1179,117.149
36,2017-09-05 22,153.0,50,37.1179,117.149
36,2017-09-06 22,174.0,50,37.1179,117.149
36,2017-09-07 22,264.0,50,37.1179,117.149
36,2017-09-08 22,275.0,50,37.1179,117.149
36,2017-09-09 22,273.0,50,37.1179,117.149
36,2017-09-10 22,86.0,50,37.1179,117.149
36,2017-09-11 22,236.0,50,37.1179,117.149
36,2017-09-12 22,250.0,50,37.1179,117.149
36,2017-09-13 22,237.0,50,37.1179,117.149
36,2017-09-14 22,140.0,50,37.1179,117.149
36,2017-09-15 22,205.0,50,37.1179,117.149
36,2017-09-16 22,120.0,50,37.1179,117.149
36,2017-09-17 22,192.0,50,37.1179,117.149
36,2017-09-18 22,203.0,50,37.1179,117.149
36,2017-09-19 22,221.0,50,37.1179,117.149
36,2017-09-20 22,236.0,50,37.1179,117.149
36,2017-09-21 22,230.0,50,37.1179,117.149
36,2017-09-22 22,265.0,50,37.1179,117.149
36,2017-09-23 22,267.0,50,37.1179,117.149
36,2017-09-24 22,274.0,50,37.1179,117.149
36,2017-09-25 22,61.0,50,37.1179,117.149
36,2017-09-26 22,217.0,50,37.1179,117.149
36,2017-09-27 22,223.0,50,37.1179,117.149
36,2017-09-28 22,213.0,50,37.1179,117.149
36,2017-09-29 22,234.0,50,37.1179,117.149
36,2017-09-30 22,222.0,50,37.1179,117.149
36,2017-10-01 22,255.0,50,37.1179,117.149
36,2017-10-02 22,247.0,50,37.1179,117.149
36,2017-10-03 22,61.0,50,37.1179,117.149
36,2017-10-04 22,146.0,50,37.1179,117.149
36,2017-10-05 22,199.0,50,37.1179,117.149
36,2017-10-06 22,217.0,50,37.1179,117.149
36,2017-10-07 22,151.0,50,37.1179,117.149
36,2017-10-08 22,135.0,50,37.1179,117.149
36,2017-10-09 22,12.0,50,37.1179,117.149
36,2017-10-10 22,13.0,50,37.1179,117.149
36,2017-10-11 22,193.0,50,37.1179,117.149
36,2017-10-12 22,176.0,50,37.1179,117.149
36,2017-10-13 22,169.0,50,37.1179,117.149
36,2017-10-14 22,86.0,50,37.1179,117.149
36,2017-10-15 22,92.0,50,37.1179,117.149
36,2017-10-16 22,77.0,50,37.1179,117.149
36,2017-10-17 22,235.0,50,37.1179,117.149
36,2017-10-18 22,89.0,50,37.1179,117.149
36,2017-10-19 22,145.0,50,37.1179,117.149
36,2017-10-20 22,165.0,50,37.1179,117.149
36,2017-10-21 22,184.0,50,37.1179,117.149
36,2017-10-22 22,202.0,50,37.1179,117.149
36,2017-10-23 22,235.0,50,37.1179,117.149
36,2017-10-24 22,207.0,50,37.1179,117.149
36,2017-10-25 22,72.0,50,37.1179,117.149
36,2017-10-26 22,154.0,50,37.1179,117.149
36,2017-10-27 22,164.0,50,37.1179,117.149
36,2017-10-28 22,157.0,50,37.1179,117.149
36,2017-10-29 22,206.0,50,37.1179,117.149
36,2017-10-30 22,221.0,50,37.1179,117.149
36,2017-10-31 22,148.0,50,37.1179,117.149
36,2017-11-01 22,113.0,50,37.1179,117.149
36,2017-11-02 22,133.0,50,37.1179,117.149
36,2017-11-03 22,167.0,50,37.1179,117.149
36,2017-11-04 22,201.0,50,37.1179,117.149
36,2017-11-05 22,185.0,50,37.1179,117.149
36,2017-11-06 22,164.0,50,37.1179,117.149
36,2017-11-07 22,100.0,50,37.1179,117.149
36,2017-11-08 22,175.0,50,37.1179,117.149
36,2017-11-09 22,126.0,50,37.1179,117.149
36,2017-11-10 22,194.0,50,37.1179,117.149
36,2017-11-11 22,73.0,50,37.1179,117.149
36,2017-11-12 22,163.0,50,37.1179,117.149
36,2017-11-13 22,159.0,50,37.1179,117.149
36,2017-11-14 22,209.0,50,37.1179,117.149
36,2017-11-15 22,200.0,50,37.1179,117.149
36,2017-11-16 22,61.0,50,37.1179,117.149
36,2017-11-17 22,110.0,50,37.1179,117.149
36,2017-11-18 22,223.0,50,37.1179,117.149
36,2017-11-19 22,193.0,50,37.1179,117.149
36,2017-11-20 22,135.0,50,37.1179,117.149
36,2017-11-21 22,163.0,50,37.1179,117.149
36,2017-11-22 22,194.0,50,37.1179,117.149
36,2017-11-23 22,191.0,50,37.1179,117.149
36,2017-11-24 22,200.0,50,37.1179,117.149
36,2017-11-25 22,166.0,50,37.1179,117.149
36,2017-11-26 22,192.0,50,37.1179,117.149
36,2017-11-27 22,132.0,50,37.1179,117.149
36,2017-11-28 22,126.0,50,37.1179,117.149
36,2017-11-29 22,53.0,50,37.1179,117.149
36,2017-11-30 22,163.0,50,37.1179,117.149
36,2017-12-01 22,172.0,50,37.1179,117.149
36,2017-12-02 22,130.0,50,37.1179,117.149
36,2017-12-03 22,25.0,50,37.1179,117.149
36,2017-12-04 22,157.0,50,37.1179,117.149
36,2017-12-05 22,170.0,50,37.1179,117.149
36,2017-12-06 22,160.0,50,37.1179,117.149
36,2017-12-07 22,146.0,50,37.1179,117.149
36,2017-12-08 22,182.0,50,37.1179,117.149
36,2017-12-09 22,111.0,50,37.1179,117.149
36,2017-12-10 22,167.0,50,37.1179,117.149
36,2017-12-11 22,171.0,50,37.1179,117.149
36,2017-12-12 22,147.0,50,37.1179,117.149
36,2017-12-13 22,104.0,50,37.1179,117.149
36,2017-12-14 22,37.0,50,37.1179,117.149
36,2017-12-15 22,132.0,50,37.1179,117.149
36,2017-12-16 22,180.0,50,37.1179,117.149
36,2017-12-17 22,179.0,50,37.1179,117.149
36,2017-12-18 22,165.0,50,37.1179,117.149
36,2017-12-19 22,179.0,50,37.1179,117.149
36,2017-12-20 22,164.0,50,37.1179,117.149
36,2017-12-21 22,166.0,50,37.1179,117.149
36,2017-12-22 22,138.0,50,37.1179,117.149
36,2017-12-23 22,78.0,50,37.1179,117.149
36,2017-12-24 22,154.0,50,37.1179,117.149
36,2017-12-25 22,166.0,50,37.1179,117.149
36,2017-12-26 22,146.0,50,37.1179,117.149
36,2017-12-27 22,122.0,50,37.1179,117.149
36,2017-12-28 22,115.0,50,37.1179,117.149
36,2017-12-29 22,12.0,50,37.1179,117.149
36,2017-12-30 22,93.0,50,37.1179,117.149
36,2017-12-31 22,159.0,50,37.1179,117.149
36,2018-01-01 22,111.0,50,37.1179,117.149
36,2018-01-02 22,59.0,50,37.1179,117.149
36,2018-01-03 22,133.0,50,37.1179,117.149
36,2018-01-04 22,31.0,50,37.1179,117.149
36,2018-01-05 22,161.0,50,37.1179,117.149
36,2018-01-06 22,155.0,50,37.1179,117.149
36,2018-01-07 22,33.0,50,37.1179,117.149
36,2018-01-08 22,176.0,50,37.1179,117.149
36,2018-01-09 22,194.0,50,37.1179,117.149
36,2018-01-10 22,214.0,50,37.1179,117.149
36,2018-01-11 22,224.0,50,37.1179,117.149
36,2018-01-12 22,203.0,50,37.1179,117.149
36,2018-01-13 22,199.0,50,37.1179,117.149
36,2018-01-14 22,147.0,50,37.1179,117.149
36,2018-01-15 22,80.0,50,37.1179,117.149
36,2018-01-16 22,87.0,50,37.1179,117.149
36,2018-01-17 22,48.0,50,37.1179,117.149
36,2018-01-18 22,50.0,50,37.1179,117.149
36,2018-01-19 22,111.0,50,37.1179,117.149
36,2018-01-20 22,137.0,50,37.1179,117.149
36,2018-01-21 22,21.0,50,37.1179,117.149
36,2018-01-22 22,55.0,50,37.1179,117.149
36,2018-01-23 22,208.0,50,37.1179,117.149
36,2018-01-24 22,209.0,50,37.1179,117.149
36,2018-01-25 22,109.0,50,37.1179,117.149
36,2018-01-26 22,160.0,50,37.1179,117.149
36,2018-01-27 22,76.0,50,37.1179,117.149
36,2018-01-28 22,97.0,50,37.1179,117.149
36,2018-01-29 22,215.0,50,37.1179,117.149
36,2018-01-30 22,140.0,50,37.1179,117.149
36,2018-01-31 22,180.0,50,37.1179,117.149
36,2018-02-01 22,201.0,50,37.1179,117.149
36,2018-02-02 22,256.0,50,37.1179,117.149
36,2018-02-03 22,239.0,50,37.1179,117.149
36,2018-02-04 22,236.0,50,37.1179,117.149
36,2018-02-05 22,244.0,50,37.1179,117.149
36,2018-02-06 22,237.0,50,37.1179,117.149
36,2018-02-07 22,227.0,50,37.1179,117.149
36,2018-02-08 22,48.0,50,37.1179,117.149
36,2018-02-09 22,177.0,50,37.1179,117.149
36,2018-02-10 22,210.0,50,37.1179,117.149
36,2018-02-11 22,234.0,50,37.1179,117.149
36,2018-02-12 22,252.0,50,37.1179,117.149
36,2018-02-13 22,243.0,50,37.1179,117.149
36,2018-02-14 22,101.0,50,37.1179,117.149
36,2018-02-15 22,176.0,50,37.1179,117.149
36,2018-02-16 22,191.0,50,37.1179,117.149
36,2018-02-17 22,66.0,50,37.1179,117.149
36,2018-02-18 22,158.0,50,37.1179,117.149
36,2018-02-19 22,144.0,50,37.1179,117.149
36,2018-02-20 22,42.0,50,37.1179,117.149
36,2018-02-21 22,237.0,50,37.1179,117.149
36,2018-02-22 22,221.0,50,37.1179,117.149
36,2018-02-23 22,229.0,50,37.1179,117.149
36,2018-02-24 22,50.0,50,37.1179,117.149
36,2018-02-25 22,230.0,50,37.1179,117.149
36,2018-02-26 22,192.0,50,37.1179,117.149
36,2018-02-27 22,102.0,50,37.1179,117.149
36,2018-02-28 22,170.0,50,37.1179,117.149
36,2018-03-01 22,253.0,50,37.1179,117.149
36,2018-03-02 22,252.0,50,37.1179,117.149
36,2018-03-03 22,234.0,50,37.1179,117.149
36,2018-03-04 22,29.0,50,37.1179,117.149
36,2018-03-05 22,280.0,50,37.1179,117.149
36,2018-03-06 22,208.0,50,37.1179,117.149
36,2018-03-07 22,175.0,50,37.1179,117.149
36,2018-03-08 22,288.0,50,37.1179,117.149
36,2018-03-09 22,259.0,50,37.1179,117.149
36,2018-03-10 22,205.0,50,37.1179,117.149
36,2018-03-11 22,147.0,50,37.1179,117.149
36,2018-03-12 22,251.0,50,37.1179,117.149
36,2018-03-13 22,248.0,50,37.1179,117.149
36,2018-03-14 22,250.0,50,37.1179,117.149
36,2018-03-15 22,46.0,50,37.1179,117.149
36,2018-03-16 22,306.0,50,37.1179,117.149
36,2018-03-17 22,65.0,50,37.1179,117.149
36,2018-03-18 22,50.0,50,37.1179,117.149
36,2018-03-19 22,244.0,50,37.1179,117.149
36,2018-03-20 22,168.0,50,37.1179,117.149
36,2018-03-21 22,266.0,50,37.1179,117.149
36,2018-03-22 22,193.0,50,37.1179,117.149
36,2018-03-23 22,252.0,50,37.1179,117.149
36,2018-03-24 22,268.0,50,37.1179,117.149
36,2018-03-25 22,281.0,50,37.1179,117.149
36,2018-03-26 22,276.0,50,37.1179,117.149
36,2018-03-27 22,256.0,50,37.1179,117.149
36,2018-03-28 22,217.0,50,37.1179,117.149
36,2018-03-29 22,156.0,50,37.1179,117.149
36,2018-03-30 22,194.0,50,37.1179,117.149
36,2018-03-31 22,262.0,50,37.1179,117.149
36,2018-04-01 22,210.0,50,37.1179,117.149
36,2018-04-02 22,258.0,50,37.1179,117.149
36,2018-04-03 22,80.0,50,37.1179,117.149
36,2018-04-04 22,64.0,50,37.1179,117.149
36,2018-04-05 22,100.0,50,37.1179,117.149
36,2018-04-06 22,281.0,50,37.1179,117.149
36,2018-04-07 22,325.0,50,37.1179,117.149
36,2018-04-08 22,294.0,50,37.1179,117.149
36,2018-04-09 22,290.0,50,37.1179,117.149
36,2018-04-10 22,100.0,50,37.1179,117.149
36,2018-04-11 22,273.0,50,37.1179,117.149
36,2018-04-12 22,190.0,50,37.1179,117.149
36,2018-04-13 22,41.0,50,37.1179,117.149
36,2018-04-14 22,210.0,50,37.1179,117.149
36,2018-04-15 22,298.0,50,37.1179,117.149
36,2018-04-16 22,279.0,50,37.1179,117.149
36,2018-04-17 22,282.0,50,37.1179,117.149
36,2018-04-18 22,272.0,50,37.1179,117.149
36,2018-04-19 22,269.0,50,37.1179,117.149
36,2018-04-20 22,276.0,50,37.1179,117.149
36,2018-04-21 22,169.0,50,37.1179,117.149
36,2018-04-22 22,28.0,50,37.1179,117.149
36,2018-04-23 22,94.0,50,37.1179,117.149
36,2018-04-24 22,281.0,50,37.1179,117.149
36,2018-04-25 22,262.0,50,37.1179,117.149
36,2018-04-26 22,268.0,50,37.1179,117.149
36,2018-04-27 22,293.0,50,37.1179,117.149
36,2018-04-28 22,272.0,50,37.1179,117.149
36,2018-04-29 22,243.0,50,37.1179,117.149
36,2018-04-30 22,212.0,50,37.1179,117.149
36,2018-05-01 22,47.0,50,37.1179,117.149
36,2018-05-02 22,273.0,50,37.1179,117.149
36,2018-05-03 22,322.0,50,37.1179,117.149
36,2018-05-04 22,301.0,50,37.1179,117.149
36,2018-05-05 22,72.0,50,37.1179,117.149
36,2018-05-06 22,162.0,50,37.1179,117.149
36,2018-05-07 22,273.0,50,37.1179,117.149
36,2018-05-08 22,306.0,50,37.1179,117.149
36,2018-05-09 22,287.0,50,37.1179,117.149
36,2018-05-10 22,274.0,50,37.1179,117.149
36,2018-05-11 22,102.0,50,37.1179,117.149
36,2018-05-12 22,224.0,50,37.1179,117.149
36,2018-05-13 22,269.0,50,37.1179,117.149
36,2018-05-14 22,259.0,50,37.1179,117.149
36,2018-05-15 22,76.0,50,37.1179,117.149
36,2018-05-16 22,104.0,50,37.1179,117.149
36,2018-05-17 22,76.0,50,37.1179,117.149
36,2018-05-18 22,251.0,50,37.1179,117.149
36,2018-05-19 22,224.0,50,37.1179,117.149
36,2018-05-20 22,212.0,50,37.1179,117.149
36,2018-05-21 22,49.0,50,37.1179,117.149
36,2018-05-22 22,201.0,50,37.1179,117.149
36,2018-05-23 22,303.0,50,37.1179,117.149
36,2018-05-24 22,299.0,50,37.1179,117.149
36,2018-05-25 22,213.0,50,37.1179,117.149
36,2018-05-26 22,230.0,50,37.1179,117.149
36,2018-05-27 22,264.0,50,37.1179,117.149
36,2018-05-28 22,254.0,50,37.1179,117.149
36,2018-05-29 22,256.0,50,37.1179,117.149
36,2018-05-30 22,283.0,50,37.1179,117.149
36,2018-05-31 22,280.0,50,37.1179,117.149
36,2018-06-01 22,276.0,50,37.1179,117.149
36,2018-06-02 22,178.0,50,37.1179,117.149
36,2018-06-03 22,247.0,50,37.1179,117.149
36,2018-06-04 22,238.0,50,37.1179,117.149
36,2018-06-05 22,279.0,50,37.1179,117.149
36,2018-06-06 22,270.0,50,37.1179,117.149
36,2018-06-07 22,189.0,50,37.1179,117.149
36,2018-06-08 22,224.0,50,37.1179,117.149
36,2018-06-09 22,27.0,50,37.1179,117.149
36,2018-06-10 22,127.0,50,37.1179,117.149
36,2018-06-11 22,272.0,50,37.1179,117.149
36,2018-06-12 22,275.0,50,37.1179,117.149
36,2018-06-13 22,73.0,50,37.1179,117.149
36,2018-06-14 22,272.0,50,37.1179,117.149
36,2018-06-15 22,280.0,50,37.1179,117.149
36,2018-06-16 22,216.0,50,37.1179,117.149
36,2018-06-17 22,121.0,50,37.1179,117.149
36,2018-06-18 22,234.0,50,37.1179,117.149
36,2018-06-19 22,190.0,50,37.1179,117.149
36,2018-06-20 22,238.0,50,37.1179,117.149
36,2018-06-21 22,190.0,50,37.1179,117.149
36,2018-06-22 22,204.0,50,37.1179,117.149
36,2018-06-23 22,251.0,50,37.1179,117.149
36,2018-06-24 22,250.0,50,37.1179,117.149
36,2018-06-25 22,54.0,50,37.1179,117.149
36,2018-06-26 22,205.0,50,37.1179,117.149
36,2018-06-27 22,267.0,50,37.1179,117.149
36,2018-06-28 22,283.0,50,37.1179,117.149
36,2018-06-29 22,228.0,50,37.1179,117.149
36,2018-06-30 22,272.0,50,37.1179,117.149
36,2018-07-01 22,261.0,50,37.1179,117.149
36,2018-07-02 22,242.0,50,37.1179,117.149
36,2018-07-03 22,264.0,50,37.1179,117.149
36,2018-07-04 22,171.0,50,37.1179,117.149
36,2018-07-05 22,243.0,50,37.1179,117.149
36,2018-07-06 22,243.0,50,37.1179,117.149
36,2018-07-07 22,226.0,50,37.1179,117.149
36,2018-07-08 22,89.0,50,37.1179,117.149
36,2018-07-09 22,130.0,50,37.1179,117.149
36,2018-07-10 22,93.0,50,37.1179,117.149
36,2018-07-11 22,219.0,50,37.1179,117.149
36,2018-07-12 22,241.0,50,37.1179,117.149
36,2018-07-13 22,158.0,50,37.1179,117.149
36,2018-07-14 22,177.0,50,37.1179,117.149
36,2018-07-15 22,223.0,50,37.1179,117.149
36,2018-07-16 22,247.0,50,37.1179,117.149
36,2018-07-17 22,160.0,50,37.1179,117.149
36,2018-07-18 22,149.0,50,37.1179,117.149
36,2018-07-19 22,243.0,50,37.1179,117.149
36,2018-07-20 22,260.0,50,37.1179,117.149
36,2018-07-21 22,246.0,50,37.1179,117.149
36,2018-07-22 22,236.0,50,37.1179,117.149
36,2018-07-23 22,146.0,50,37.1179,117.149
36,2018-07-24 22,220.0,50,37.1179,117.149
36,2018-07-25 22,249.0,50,37.1179,117.149
36,2018-07-26 22,207.0,50,37.1179,117.149
36,2018-07-27 22,134.0,50,37.1179,117.149
36,2018-07-28 22,146.0,50,37.1179,117.149
36,2018-07-29 22,218.0,50,37.1179,117.149
36,2018-07-30 22,227.0,50,37.1179,117.149
36,2018-07-31 22,264.0,50,37.1179,117.149
36,2018-08-01 22,255.0,50,37.1179,117.149
36,2018-08-02 22,256.0,50,37.1179,117.149
36,2018-08-03 22,259.0,50,37.1179,117.149
36,2018-08-04 22,246.0,50,37.1179,117.149
36,2018-08-05 22,157.0,50,37.1179,117.149
36,2018-08-06 22,175.0,50,37.1179,117.149
36,2018-08-07 22,193.0,50,37.1179,117.149
36,2018-08-08 22,170.0,50,37.1179,117.149
36,2018-08-09 22,142.0,50,37.1179,117.149
36,2018-08-10 22,259.0,50,37.1179,117.149
36,2018-08-11 22,225.0,50,37.1179,117.149
36,2018-08-12 22,248.0,50,37.1179,117.149
36,2018-08-13 22,131.0,50,37.1179,117.149
36,2018-08-14 22,26.0,50,37.1179,117.149
36,2018-08-15 22,214.0,50,37.1179,117.149
36,2018-08-16 22,146.0,50,37.1179,117.149
36,2018-08-17 22,250.0,50,37.1179,117.149
36,2018-08-18 22,59.0,50,37.1179,117.149
36,2018-08-19 22,16.0,50,37.1179,117.149
36,2018-08-20 22,228.0,50,37.1179,117.149
36,2018-08-21 22,238.0,50,37.1179,117.149
36,2018-08-22 22,142.0,50,37.1179,117.149
36,2018-08-23 22,245.0,50,37.1179,117.149
36,2018-08-24 22,270.0,50,37.1179,117.149
36,2018-08-25 22,278.0,50,37.1179,117.149
36,2018-08-26 22,220.0,50,37.1179,117.149
36,2018-08-27 22,266.0,50,37.1179,117.149
36,2018-08-28 22,220.0,50,37.1179,117.149
36,2018-08-29 22,228.0,50,37.1179,117.149
36,2018-08-30 22,121.0,50,37.1179,117.149
36,2018-08-31 22,176.0,50,37.1179,117.149
36,2018-09-01 22,229.0,50,37.1179,117.149
36,2018-09-02 22,69.0,50,37.1179,117.149
36,2018-09-03 22,241.0,50,37.1179,117.149
36,2018-09-04 22,280.0,50,37.1179,117.149
36,2018-09-05 22,215.0,50,37.1179,117.149
36,2018-09-06 22,240.0,50,37.1179,117.149
36,2018-09-07 22,285.0,50,37.1179,117.149
36,2018-09-08 22,275.0,50,37.1179,117.149
36,2018-09-09 22,273.0,50,37.1179,117.149
36,2018-09-10 22,184.0,50,37.1179,117.149
36,2018-09-11 22,245.0,50,37.1179,117.149
36,2018-09-12 22,201.0,50,37.1179,117.149
36,2018-09-13 22,135.0,50,37.1179,117.149
36,2018-09-14 22,140.0,50,37.1179,117.149
36,2018-09-15 22,63.0,50,37.1179,117.149
36,2018-09-16 22,96.0,50,37.1179,117.149
36,2018-09-17 22,184.0,50,37.1179,117.149
36,2018-09-18 22,47.0,50,37.1179,117.149
36,2018-09-19 22,26.0,50,37.1179,117.149
36,2018-09-20 22,49.0,50,37.1179,117.149
36,2018-09-21 22,230.0,50,37.1179,117.149
36,2018-09-22 22,265.0,50,37.1179,117.149
36,2018-09-23 22,267.0,50,37.1179,117.149
36,2018-09-24 22,274.0,50,37.1179,117.149
36,2018-09-25 22,61.0,50,37.1179,117.149
36,2018-09-26 22,217.0,50,37.1179,117.149
36,2018-09-27 22,223.0,50,37.1179,117.149
36,2018-09-28 22,213.0,50,37.1179,117.149
36,2018-09-29 22,234.0,50,37.1179,117.149
36,2018-09-30 22,256.0,50,37.1179,117.149
36,2018-10-01 22,255.0,50,37.1179,117.149
36,2018-10-02 22,247.0,50,37.1179,117.149
36,2018-10-03 22,241.0,50,37.1179,117.149
36,2018-10-04 22,215.0,50,37.1179,117.149
36,2018-10-05 22,226.0,50,37.1179,117.149
36,2018-10-06 22,193.0,50,37.1179,117.149
36,2018-10-07 22,151.0,50,37.1179,117.149
36,2018-10-08 22,135.0,50,37.1179,117.149
36,2018-10-09 22,192.0,50,37.1179,117.149
36,2018-10-10 22,256.0,50,37.1179,117.149
36,2018-10-11 22,254.0,50,37.1179,117.149
36,2018-10-12 22,204.0,50,37.1179,117.149
36,2018-10-13 22,187.0,50,37.1179,117.149
36,2018-10-14 22,133.0,50,37.1179,117.149
36,2018-10-15 22,199.0,50,37.1179,117.149
36,2018-10-16 22,100.0,50,37.1179,117.149
36,2018-10-17 22,235.0,50,37.1179,117.149
36,2018-10-18 22,235.0,50,37.1179,117.149
36,2018-10-19 22,232.0,50,37.1179,117.149
36,2018-10-20 22,165.0,50,37.1179,117.149
36,2018-10-21 22,73.0,50,37.1179,117.149
36,2018-10-22 22,176.0,50,37.1179,117.149
36,2018-10-23 22,235.0,50,37.1179,117.149
36,2018-10-24 22,207.0,50,37.1179,117.149
36,2018-10-25 22,46.0,50,37.1179,117.149
36,2018-10-26 22,241.0,50,37.1179,117.149
36,2018-10-27 22,231.0,50,37.1179,117.149
36,2018-10-28 22,157.0,50,37.1179,117.149
36,2018-10-29 22,206.0,50,37.1179,117.149
36,2018-10-30 22,216.0,50,37.1179,117.149
36,2018-10-31 22,197.0,50,37.1179,117.149
36,2018-11-01 22,188.0,50,37.1179,117.149
36,2018-11-02 22,176.0,50,37.1179,117.149
36,2018-11-03 22,183.0,50,37.1179,117.149
36,2018-11-04 22,113.0,50,37.1179,117.149
36,2018-11-05 22,14.0,50,37.1179,117.149
36,2018-11-06 22,47.0,50,37.1179,117.149
36,2018-11-07 22,142.0,50,37.1179,117.149
36,2018-11-08 22,158.0,50,37.1179,117.149
36,2018-11-09 22,177.0,50,37.1179,117.149
36,2018-11-10 22,194.0,50,37.1179,117.149
36,2018-11-11 22,73.0,50,37.1179,117.149
36,2018-11-12 22,163.0,50,37.1179,117.149
36,2018-11-13 22,159.0,50,37.1179,117.149
36,2018-11-14 22,148.0,50,37.1179,117.149
36,2018-11-15 22,36.0,50,37.1179,117.149
36,2018-11-16 22,138.0,50,37.1179,117.149
36,2018-11-17 22,101.0,50,37.1179,117.149
36,2018-11-18 22,93.0,50,37.1179,117.149
36,2018-11-19 22,193.0,50,37.1179,117.149
36,2018-11-20 22,135.0,50,37.1179,117.149
36,2018-11-21 22,139.0,50,37.1179,117.149
36,2018-11-22 22,177.0,50,37.1179,117.149
36,2018-11-23 22,145.0,50,37.1179,117.149
36,2018-11-24 22,158.0,50,37.1179,117.149
36,2018-11-25 22,148.0,50,37.1179,117.149
36,2018-11-26 22,144.0,50,37.1179,117.149
36,2018-11-27 22,73.0,50,37.1179,117.149
36,2018-11-28 22,59.0,50,37.1179,117.149
36,2018-11-29 22,102.0,50,37.1179,117.149
36,2018-11-30 22,42.0,50,37.1179,117.149
36,2018-12-01 22,78.0,50,37.1179,117.149
36,2018-12-02 22,16.0,50,37.1179,117.149
36,2018-12-03 22,13.0,50,37.1179,117.149
36,2018-12-04 22,148.0,50,37.1179,117.149
36,2018-12-05 22,23.0,50,37.1179,117.149
36,2018-12-06 22,163.0,50,37.1179,117.149
36,2018-12-07 22,164.0,50,37.1179,117.149
36,2018-12-08 22,177.0,50,37.1179,117.149
36,2018-12-09 22,114.0,50,37.1179,117.149
36,2018-12-10 22,126.0,50,37.1179,117.149
36,2018-12-11 22,135.0,50,37.1179,117.149
36,2018-12-12 22,191.0,50,37.1179,117.149
36,2018-12-13 22,186.0,50,37.1179,117.149
36,2018-12-14 22,177.0,50,37.1179,117.149
36,2018-12-15 22,132.0,50,37.1179,117.149
36,2018-12-16 22,135.0,50,37.1179,117.149
36,2018-12-17 22,141.0,50,37.1179,117.149
36,2018-12-18 22,164.0,50,37.1179,117.149
36,2018-12-19 22,95.0,50,37.1179,117.149
36,2018-12-20 22,148.0,50,37.1179,117.149
36,2018-12-21 22,121.0,50,37.1179,117.149
36,2018-12-22 22,103.0,50,37.1179,117.149
36,2018-12-23 22,179.0,50,37.1179,117.149
36,2018-12-24 22,160.0,50,37.1179,117.149
36,2018-12-25 22,109.0,50,37.1179,117.149
36,2018-12-26 22,103.0,50,37.1179,117.149
36,2018-12-27 22,125.0,50,37.1179,117.149
36,2018-12-28 22,208.0,50,37.1179,117.149
36,2018-12-29 22,153.0,50,37.1179,117.149
36,2018-12-30 22,194.0,50,37.1179,117.149
36,2018-12-31 22,150.0,50,37.1179,117.149
36,2019-01-01 22,121.0,50,37.1179,117.149
36,2019-01-02 22,146.0,50,37.1179,117.149
36,2019-01-03 22,120.0,50,37.1179,117.149
36,2019-01-04 22,103.0,50,37.1179,117.149
36,2019-01-05 22,179.0,50,37.1179,117.149
36,2019-01-06 22,138.0,50,37.1179,117.149
36,2019-01-07 22,102.0,50,37.1179,117.149
36,2019-01-08 22,135.0,50,37.1179,117.149
36,2019-01-09 22,65.0,50,37.1179,117.149
36,2019-01-10 22,119.0,50,37.1179,117.149
36,2019-01-11 22,39.0,50,37.1179,117.149
36,2019-01-12 22,110.0,50,37.1179,117.149
36,2019-01-13 22,47.0,50,37.1179,117.149
36,2019-01-14 22,98.0,50,37.1179,117.149
36,2019-01-15 22,196.0,50,37.1179,117.149
36,2019-01-16 22,206.0,50,37.1179,117.149
36,2019-01-17 22,196.0,50,37.1179,117.149
36,2019-01-18 22,127.0,50,37.1179,117.149
36,2019-01-19 22,61.0,50,37.1179,117.149
36,2019-01-20 22,209.0,50,37.1179,117.149
36,2019-01-21 22,191.0,50,37.1179,117.149
36,2019-01-22 22,118.0,50,37.1179,117.149
36,2019-01-23 22,197.0,50,37.1179,117.149
36,2019-01-24 22,164.0,50,37.1179,117.149
36,2019-01-25 22,198.0,50,37.1179,117.149
36,2019-01-26 22,205.0,50,37.1179,117.149
36,2019-01-27 22,128.0,50,37.1179,117.149
36,2019-01-28 22,193.0,50,37.1179,117.149
36,2019-01-29 22,97.0,50,37.1179,117.149
36,2019-01-30 22,59.0,50,37.1179,117.149
36,2019-01-31 22,137.0,50,37.1179,117.149
36,2019-02-01 22,210.0,50,37.1179,117.149
36,2019-02-02 22,49.0,50,37.1179,117.149
36,2019-02-03 22,96.0,50,37.1179,117.149
36,2019-02-04 22,157.0,50,37.1179,117.149
36,2019-02-05 22,134.0,50,37.1179,117.149
36,2019-02-06 22,11.0,50,37.1179,117.149
36,2019-02-07 22,206.0,50,37.1179,117.149
36,2019-02-08 22,48.0,50,37.1179,117.149
36,2019-02-09 22,135.0,50,37.1179,117.149
36,2019-02-10 22,93.0,50,37.1179,117.149
36,2019-02-11 22,170.0,50,37.1179,117.149
36,2019-02-12 22,116.0,50,37.1179,117.149
36,2019-02-13 22,20.0,50,37.1179,117.149
36,2019-02-14 22,8.0,50,37.1179,117.149
36,2019-02-15 22,164.0,50,37.1179,117.149
36,2019-02-16 22,283.0,50,37.1179,117.149
36,2019-02-17 22,255.0,50,37.1179,117.149
36,2019-02-18 22,73.0,50,37.1179,117.149
36,2019-02-19 22,70.0,50,37.1179,117.149
36,2019-02-20 22,157.0,50,37.1179,117.149
36,2019-02-21 22,223.0,50,37.1179,117.149
36,2019-02-22 22,191.0,50,37.1179,117.149
36,2019-02-23 22,232.0,50,37.1179,117.149
36,2019-02-24 22,156.0,50,37.1179,117.149
36,2019-02-25 22,174.0,50,37.1179,117.149
36,2019-02-26 22,59.0,50,37.1179,117.149
36,2019-02-27 22,133.0,50,37.1179,117.149
36,2019-02-28 22,202.0,50,37.1179,117.149
36,2019-03-01 22,177.0,50,37.1179,117.149
36,2019-03-02 22,184.0,50,37.1179,117.149
36,2019-03-03 22,134.0,50,37.1179,117.149
36,2019-03-04 22,200.0,50,37.1179,117.149
36,2019-03-05 22,152.0,50,37.1179,117.149
36,2019-03-06 22,287.0,50,37.1179,117.149
36,2019-03-07 22,280.0,50,37.1179,117.149
36,2019-03-08 22,218.0,50,37.1179,117.149
36,2019-03-09 22,221.0,50,37.1179,117.149
36,2019-03-10 22,212.0,50,37.1179,117.149
36,2019-03-11 22,275.0,50,37.1179,117.149
36,2019-03-12 22,317.0,50,37.1179,117.149
36,2019-03-13 22,296.0,50,37.1179,117.149
36,2019-03-14 22,288.0,50,37.1179,117.149
36,2019-03-15 22,293.0,50,37.1179,117.149
36,2019-03-16 22,281.0,50,37.1179,117.149
36,2019-03-17 22,262.0,50,37.1179,117.149
36,2019-03-18 22,174.0,50,37.1179,117.149
36,2019-03-19 22,238.0,50,37.1179,117.149
36,2019-03-20 22,165.0,50,37.1179,117.149
36,2019-03-21 22,295.0,50,37.1179,117.149
36,2019-03-22 22,298.0,50,37.1179,117.149
36,2019-03-23 22,318.0,50,37.1179,117.149
36,2019-03-24 22,274.0,50,37.1179,117.149
36,2019-03-25 22,243.0,50,37.1179,117.149
36,2019-03-26 22,268.0,50,37.1179,117.149
36,2019-03-27 22,239.0,50,37.1179,117.149
36,2019-03-28 22,45.0,50,37.1179,117.149
36,2019-03-29 22,155.0,50,37.1179,117.149
36,2019-03-30 22,298.0,50,37.1179,117.149
36,2019-03-31 22,284.0,50,37.1179,117.149
36,2019-04-01 22,273.0,50,37.1179,117.149
36,2019-04-02 22,258.0,50,37.1179,117.149
36,2019-04-03 22,272.0,50,37.1179,117.149
36,2019-04-04 22,235.0,50,37.1179,117.149
36,2019-04-05 22,265.0,50,37.1179,117.149
36,2019-04-06 22,189.0,50,37.1179,117.149
36,2019-04-07 22,238.0,50,37.1179,117.149
36,2019-04-08 22,87.0,50,37.1179,117.149
36,2019-04-09 22,41.0,50,37.1179,117.149
36,2019-04-10 22,277.0,50,37.1179,117.149
36,2019-04-11 22,128.0,50,37.1179,117.149
36,2019-04-12 22,242.0,50,37.1179,117.149
36,2019-04-13 22,182.0,50,37.1179,117.149
36,2019-04-14 22,309.0,50,37.1179,117.149
36,2019-04-15 22,298.0,50,37.1179,117.149
36,2019-04-16 22,279.0,50,37.1179,117.149
36,2019-04-17 22,282.0,50,37.1179,117.149
36,2019-04-18 22,202.0,50,37.1179,117.149
36,2019-04-19 22,186.0,50,37.1179,117.149
36,2019-04-20 22,199.0,50,37.1179,117.149
36,2019-04-21 22,109.0,50,37.1179,117.149
36,2019-04-22 22,171.0,50,37.1179,117.149
36,2019-04-23 22,143.0,50,37.1179,117.149
36,2019-04-24 22,223.0,50,37.1179,117.149
36,2019-04-25 22,105.0,50,37.1179,117.149
36,2019-04-26 22,258.0,50,37.1179,117.149
36,2019-04-27 22,55.0,50,37.1179,117.149
36,2019-04-28 22,266.0,50,37.1179,117.149
36,2019-04-29 22,270.0,50,37.1179,117.149
36,2019-04-30 22,253.0,50,37.1179,117.149
36,2019-05-01 22,296.0,50,37.1179,117.149
36,2019-05-02 22,293.0,50,37.1179,117.149
36,2019-05-03 22,276.0,50,37.1179,117.149
36,2019-05-04 22,208.0,50,37.1179,117.149
36,2019-05-05 22,162.0,50,37.1179,117.149
36,2019-05-06 22,292.0,50,37.1179,117.149
36,2019-05-07 22,288.0,50,37.1179,117.149
36,2019-05-08 22,208.0,50,37.1179,117.149
36,2019-05-09 22,276.0,50,37.1179,117.149
36,2019-05-10 22,174.0,50,37.1179,117.149
36,2019-05-11 22,265.0,50,37.1179,117.149
36,2019-05-12 22,254.0,50,37.1179,117.149
36,2019-05-13 22,254.0,50,37.1179,117.149
36,2019-05-14 22,258.0,50,37.1179,117.149
36,2019-05-15 22,264.0,50,37.1179,117.149
36,2019-05-16 22,237.0,50,37.1179,117.149
36,2019-05-17 22,267.0,50,37.1179,117.149
36,2019-05-18 22,240.0,50,37.1179,117.149
36,2019-05-19 22,238.0,50,37.1179,117.149
36,2019-05-20 22,299.0,50,37.1179,117.149
36,2019-05-21 22,285.0,50,37.1179,117.149
36,2019-05-22 22,276.0,50,37.1179,117.149
36,2019-05-23 22,270.0,50,37.1179,117.149
36,2019-05-24 22,193.0,50,37.1179,117.149
36,2019-05-25 22,233.0,50,37.1179,117.149
36,2019-05-26 22,232.0,50,37.1179,117.149
36,2019-05-27 22,294.0,50,37.1179,117.149
36,2019-05-28 22,298.0,50,37.1179,117.149
36,2019-05-29 22,298.0,50,37.1179,117.149
36,2019-05-30 22,230.0,50,37.1179,117.149
36,2019-05-31 22,136.0,50,37.1179,117.149
36,2019-06-01 22,163.0,50,37.1179,117.149
36,2019-06-02 22,270.0,50,37.1179,117.149
36,2019-06-03 22,256.0,50,37.1179,117.149
36,2019-06-04 22,234.0,50,37.1179,117.149
36,2019-06-05 22,145.0,50,37.1179,117.149
36,2019-06-06 22,163.0,50,37.1179,117.149
36,2019-06-07 22,255.0,50,37.1179,117.149
36,2019-06-08 22,247.0,50,37.1179,117.149
36,2019-06-09 22,295.0,50,37.1179,117.149
36,2019-06-10 22,275.0,50,37.1179,117.149
36,2019-06-11 22,271.0,50,37.1179,117.149
36,2019-06-12 22,241.0,50,37.1179,117.149
36,2019-06-13 22,222.0,50,37.1179,117.149
36,2019-06-14 22,266.0,50,37.1179,117.149
36,2019-06-15 22,233.0,50,37.1179,117.149
36,2019-06-16 22,233.0,50,37.1179,117.149
36,2019-06-17 22,239.0,50,37.1179,117.149
36,2019-06-18 22,246.0,50,37.1179,117.149
36,2019-06-19 22,212.0,50,37.1179,117.149
36,2019-06-20 22,102.0,50,37.1179,117.149
36,2019-06-21 22,232.0,50,37.1179,117.149
36,2019-06-22 22,204.0,50,37.1179,117.149
36,2019-06-23 22,251.0,50,37.1179,117.149
36,2019-06-24 22,259.0,50,37.1179,117.149
36,2019-06-25 22,250.0,50,37.1179,117.149
36,2019-06-26 22,263.0,50,37.1179,117.149
36,2019-06-27 22,226.0,50,37.1179,117.149
36,2019-06-28 22,56.0,50,37.1179,117.149
36,2019-06-29 22,267.0,50,37.1179,117.149
36,2019-06-30 22,259.0,50,37.1179,117.149
36,2019-07-01 22,283.0,50,37.1179,117.149
36,2019-07-02 22,258.0,50,37.1179,117.149
36,2019-07-03 22,274.0,50,37.1179,117.149
36,2019-07-04 22,214.0,50,37.1179,117.149
36,2019-07-05 22,266.0,50,37.1179,117.149
36,2019-07-06 22,111.0,50,37.1179,117.149
36,2019-07-07 22,178.0,50,37.1179,117.149
36,2019-07-08 22,235.0,50,37.1179,117.149
36,2019-07-09 22,190.0,50,37.1179,117.149
36,2019-07-10 22,126.0,50,37.1179,117.149
36,2019-07-11 22,219.0,50,37.1179,117.149
36,2019-07-12 22,203.0,50,37.1179,117.149
36,2019-07-13 22,257.0,50,37.1179,117.149
36,2019-07-14 22,184.0,50,37.1179,117.149
36,2019-07-15 22,266.0,50,37.1179,117.149
36,2019-07-16 22,206.0,50,37.1179,117.149
36,2019-07-17 22,96.0,50,37.1179,117.149
36,2019-07-18 22,222.0,50,37.1179,117.149
36,2019-07-19 22,260.0,50,37.1179,117.149
36,2019-07-20 22,198.0,50,37.1179,117.149
36,2019-07-21 22,262.0,50,37.1179,117.149
36,2019-07-22 22,180.0,50,37.1179,117.149
36,2019-07-23 22,203.0,50,37.1179,117.149
36,2019-07-24 22,263.0,50,37.1179,117.149
36,2019-07-25 22,249.0,50,37.1179,117.149
36,2019-07-26 22,207.0,50,37.1179,117.149
36,2019-07-27 22,134.0,50,37.1179,117.149
36,2019-07-28 22,146.0,50,37.1179,117.149
36,2019-07-29 22,218.0,50,37.1179,117.149
36,2019-07-30 22,227.0,50,37.1179,117.149
36,2019-07-31 22,233.0,50,37.1179,117.149
36,2019-08-01 22,226.0,50,37.1179,117.149
36,2019-08-02 22,91.0,50,37.1179,117.149
36,2019-08-03 22,197.0,50,37.1179,117.149
36,2019-08-04 22,180.0,50,37.1179,117.149
36,2019-08-05 22,229.0,50,37.1179,117.149
36,2019-08-06 22,179.0,50,37.1179,117.149
36,2019-08-07 22,88.0,50,37.1179,117.149
36,2019-08-08 22,253.0,50,37.1179,117.149
36,2019-08-09 22,167.0,50,37.1179,117.149
36,2019-08-10 22,93.0,50,37.1179,117.149
36,2019-08-11 22,225.0,50,37.1179,117.149
36,2019-08-12 22,248.0,50,37.1179,117.149
36,2019-08-13 22,131.0,50,37.1179,117.149
36,2019-08-14 22,261.0,50,37.1179,117.149
36,2019-08-15 22,280.0,50,37.1179,117.149
36,2019-08-16 22,100.0,50,37.1179,117.149
36,2019-08-17 22,290.0,50,37.1179,117.149
36,2019-08-18 22,279.0,50,37.1179,117.149
36,2019-08-19 22,256.0,50,37.1179,117.149
36,2019-08-20 22,226.0,50,37.1179,117.149
36,2019-08-21 22,248.0,50,37.1179,117.149
36,2019-08-22 22,219.0,50,37.1179,117.149
36,2019-08-23 22,258.0,50,37.1179,117.149
36,2019-08-24 22,270.0,50,37.1179,117.149
36,2019-08-25 22,278.0,50,37.1179,117.149
36,2019-08-26 22,220.0,50,37.1179,117.149
36,2019-08-27 22,214.0,50,37.1179,117.149
36,2019-08-28 22,263.0,50,37.1179,117.149
36,2019-08-29 22,228.0,50,37.1179,117.149
36,2019-08-30 22,284.0,50,37.1179,117.149
36,2019-08-31 22,271.0,50,37.1179,117.149
36,2019-09-01 22,239.0,50,37.1179,117.149
36,2019-09-02 22,230.0,50,37.1179,117.149
36,2019-09-03 22,232.0,50,37.1179,117.149
36,2019-09-04 22,190.0,50,37.1179,117.149
36,2019-09-05 22,238.0,50,37.1179,117.149
36,2019-09-06 22,233.0,50,37.1179,117.149
36,2019-09-07 22,235.0,50,37.1179,117.149
36,2019-09-08 22,247.0,50,37.1179,117.149
36,2019-09-09 22,223.0,50,37.1179,117.149
36,2019-09-10 22,121.0,50,37.1179,117.149
36,2019-09-11 22,245.0,50,37.1179,117.149
36,2019-09-12 22,35.0,50,37.1179,117.149
36,2019-09-13 22,62.0,50,37.1179,117.149
36,2019-09-14 22,167.0,50,37.1179,117.149
36,2019-09-15 22,146.0,50,37.1179,117.149
36,2019-09-16 22,221.0,50,37.1179,117.149
36,2019-09-17 22,107.0,50,37.1179,117.149
36,2019-09-18 22,267.0,50,37.1179,117.149
36,2019-09-19 22,124.0,50,37.1179,117.149
36,2019-09-20 22,84.0,50,37.1179,117.149
36,2019-09-21 22,241.0,50,37.1179,117.149
36,2019-09-22 22,252.0,50,37.1179,117.149
36,2019-09-23 22,245.0,50,37.1179,117.149
36,2019-09-24 22,234.0,50,37.1179,117.149
36,2019-09-25 22,231.0,50,37.1179,117.149
36,2019-09-26 22,248.0,50,37.1179,117.149
36,2019-09-27 22,222.0,50,37.1179,117.149
36,2019-09-28 22,200.0,50,37.1179,117.149
36,2019-09-29 22,207.0,50,37.1179,117.149
36,2019-09-30 22,207.0,50,37.1179,117.149
36,2019-10-01 22,213.0,50,37.1179,117.149
36,2019-10-02 22,214.0,50,37.1179,117.149
36,2019-10-03 22,208.0,50,37.1179,117.149
36,2019-10-04 22,23.0,50,37.1179,117.149
36,2019-10-05 22,264.0,50,37.1179,117.149
36,2019-10-06 22,53.0,50,37.1179,117.149
36,2019-10-07 22,190.0,50,37.1179,117.149
36,2019-10-08 22,228.0,50,37.1179,117.149
36,2019-10-09 22,154.0,50,37.1179,117.149
36,2019-10-10 22,47.0,50,37.1179,117.149
36,2019-10-11 22,113.0,50,37.1179,117.149
36,2019-10-12 22,181.0,50,37.1179,117.149
36,2019-10-13 22,201.0,50,37.1179,117.149
36,2019-10-14 22,253.0,50,37.1179,117.149
36,2019-10-15 22,246.0,50,37.1179,117.149
36,2019-10-16 22,51.0,50,37.1179,117.149
36,2019-10-17 22,113.0,50,37.1179,117.149
36,2019-10-18 22,168.0,50,37.1179,117.149
36,2019-10-19 22,183.0,50,37.1179,117.149
36,2019-10-20 22,148.0,50,37.1179,117.149
36,2019-10-21 22,211.0,50,37.1179,117.149
36,2019-10-22 22,148.0,50,37.1179,117.149
36,2019-10-23 22,124.0,50,37.1179,117.149
36,2019-10-24 22,118.0,50,37.1179,117.149
36,2019-10-25 22,212.0,50,37.1179,117.149
36,2019-10-26 22,204.0,50,37.1179,117.149
36,2019-10-27 22,200.0,50,37.1179,117.149
36,2019-10-28 22,157.0,50,37.1179,117.149
36,2019-10-29 22,206.0,50,37.1179,117.149
36,2019-10-30 22,188.0,50,37.1179,117.149
36,2019-10-31 22,190.0,50,37.1179,117.149
36,2019-11-01 22,164.0,50,37.1179,117.149
36,2019-11-02 22,51.0,50,37.1179,117.149
36,2019-11-03 22,74.0,50,37.1179,117.149
36,2019-11-04 22,208.0,50,37.1179,117.149
36,2019-11-05 22,199.0,50,37.1179,117.149
36,2019-11-06 22,102.0,50,37.1179,117.149
36,2019-11-07 22,116.0,50,37.1179,117.149
36,2019-11-08 22,158.0,50,37.1179,117.149
36,2019-11-09 22,123.0,50,37.1179,117.149
36,2019-11-10 22,159.0,50,37.1179,117.149
36,2019-11-11 22,209.0,50,37.1179,117.149
36,2019-11-12 22,162.0,50,37.1179,117.149
36,2019-11-13 22,192.0,50,37.1179,117.149
36,2019-11-14 22,208.0,50,37.1179,117.149
36,2019-11-15 22,162.0,50,37.1179,117.149
36,2019-11-16 22,43.0,50,37.1179,117.149
36,2019-11-17 22,23.0,50,37.1179,117.149
36,2019-11-18 22,207.0,50,37.1179,117.149
36,2019-11-19 22,190.0,50,37.1179,117.149
36,2019-11-20 22,138.0,50,37.1179,117.149
36,2019-11-21 22,79.0,50,37.1179,117.149
36,2019-11-22 22,151.0,50,37.1179,117.149
36,2019-11-23 22,18.0,50,37.1179,117.149
36,2019-11-24 22,57.0,50,37.1179,117.149
36,2019-11-25 22,217.0,50,37.1179,117.149
36,2019-11-26 22,158.0,50,37.1179,117.149
36,2019-11-27 22,154.0,50,37.1179,117.149
36,2019-11-28 22,194.0,50,37.1179,117.149
36,2019-11-29 22,129.0,50,37.1179,117.149
36,2019-11-30 22,46.0,50,37.1179,117.149
36,2019-12-01 22,164.0,50,37.1179,117.149
36,2019-12-02 22,206.0,50,37.1179,117.149
36,2019-12-03 22,191.0,50,37.1179,117.149
36,2019-12-04 22,178.0,50,37.1179,117.149
36,2019-12-05 22,96.0,50,37.1179,117.149
36,2019-12-06 22,132.0,50,37.1179,117.149
36,2019-12-07 22,118.0,50,37.1179,117.149
36,2019-12-08 22,69.0,50,37.1179,117.149
36,2019-12-09 22,18.0,50,37.1179,117.149
36,2019-12-10 22,33.0,50,37.1179,117.149
36,2019-12-11 22,174.0,50,37.1179,117.149
36,2019-12-12 22,176.0,50,37.1179,117.149
36,2019-12-13 22,128.0,50,37.1179,117.149
36,2019-12-14 22,79.0,50,37.1179,117.149
36,2019-12-15 22,14.0,50,37.1179,117.149
36,2019-12-16 22,6.0,50,37.1179,117.149
36,2019-12-17 22,55.0,50,37.1179,117.149
36,2019-12-18 22,122.0,50,37.1179,117.149
36,2019-12-19 22,133.0,50,37.1179,117.149
36,2019-12-20 22,121.0,50,37.1179,117.149
36,2019-12-21 22,111.0,50,37.1179,117.149
36,2019-12-22 22,14.0,50,37.1179,117.149
36,2019-12-23 22,100.0,50,37.1179,117.149
36,2019-12-24 22,49.0,50,37.1179,117.149
36,2019-12-25 22,13.0,50,37.1179,117.149
36,2019-12-26 22,144.0,50,37.1179,117.149
36,2019-12-27 22,182.0,50,37.1179,117.149
36,2019-12-28 22,169.0,50,37.1179,117.149
36,2019-12-29 22,172.0,50,37.1179,117.149
36,2019-12-30 22,184.0,50,37.1179,117.149
36,2019-12-31 22,205.0,50,37.1179,117.149
36,2020-01-01 22,129.0,50,37.1179,117.149
36,2020-01-02 22,143.0,50,37.1179,117.149
36,2020-01-03 22,127.0,50,37.1179,117.149
36,2020-01-04 22,98.0,50,37.1179,117.149
36,2020-01-05 22,16.0,50,37.1179,117.149
36,2020-01-06 22,13.0,50,37.1179,117.149
36,2020-01-07 22,102.0,50,37.1179,117.149
36,2020-01-08 22,176.0,50,37.1179,117.149
36,2020-01-09 22,190.0,50,37.1179,117.149
36,2020-01-10 22,77.0,50,37.1179,117.149
36,2020-01-11 22,90.0,50,37.1179,117.149
36,2020-01-12 22,114.0,50,37.1179,117.149
36,2020-01-13 22,81.0,50,37.1179,117.149
36,2020-01-14 22,216.0,50,37.1179,117.149
36,2020-01-15 22,177.0,50,37.1179,117.149
36,2020-01-16 22,62.0,50,37.1179,117.149
36,2020-01-17 22,32.0,50,37.1179,117.149
36,2020-01-18 22,105.0,50,37.1179,117.149
36,2020-01-19 22,156.0,50,37.1179,117.149
36,2020-01-20 22,217.0,50,37.1179,117.149
36,2020-01-21 22,82.0,50,37.1179,117.149
36,2020-01-22 22,118.0,50,37.1179,117.149
36,2020-01-23 22,87.0,50,37.1179,117.149
36,2020-01-24 22,186.0,50,37.1179,117.149
36,2020-01-25 22,149.0,50,37.1179,117.149
36,2020-01-26 22,51.0,50,37.1179,117.149
36,2020-01-27 22,117.0,50,37.1179,117.149
36,2020-01-28 22,81.0,50,37.1179,117.149
36,2020-01-29 22,72.0,50,37.1179,117.149
36,2020-01-30 22,234.0,50,37.1179,117.149
36,2020-01-31 22,192.0,50,37.1179,117.149
36,2020-02-01 22,149.0,50,37.1179,117.149
36,2020-02-02 22,80.0,50,37.1179,117.149
36,2020-02-03 22,227.0,50,37.1179,117.149
36,2020-02-04 22,25.0,50,37.1179,117.149
36,2020-02-05 22,122.0,50,37.1179,117.149
36,2020-02-06 22,35.0,50,37.1179,117.149
36,2020-02-07 22,33.0,50,37.1179,117.149
36,2020-02-08 22,76.0,50,37.1179,117.149
36,2020-02-09 22,205.0,50,37.1179,117.149
36,2020-02-10 22,234.0,50,37.1179,117.149
36,2020-02-11 22,204.0,50,37.1179,117.149
36,2020-02-12 22,223.0,50,37.1179,117.149
36,2020-02-13 22,223.0,50,37.1179,117.149
36,2020-02-14 22,7.0,50,37.1179,117.149
36,2020-02-15 22,30.0,50,37.1179,117.149
36,2020-02-16 22,283.0,50,37.1179,117.149
36,2020-02-17 22,283.0,50,37.1179,117.149
36,2020-02-18 22,260.0,50,37.1179,117.149
36,2020-02-19 22,208.0,50,37.1179,117.149
36,2020-02-20 22,162.0,50,37.1179,117.149
36,2020-02-21 22,180.0,50,37.1179,117.149
36,2020-02-22 22,283.0,50,37.1179,117.149
36,2020-02-23 22,240.0,50,37.1179,117.149
36,2020-02-24 22,37.0,50,37.1179,117.149
36,2020-02-25 22,37.0,50,37.1179,117.149
36,2020-02-26 22,136.0,50,37.1179,117.149
36,2020-02-27 22,68.0,50,37.1179,117.149
36,2020-02-28 22,68.0,50,37.1179,117.149
36,2020-02-29 22,32.0,50,37.1179,117.149
